Date,Time(hh:mm),Precip(mm),Wind-Speed(m/s),Wind-Dir(Deg),Avg-Air-Temp(C),Relative-Humidity(%),Battery-Volt(V),Dir-Gust(Deg),Max-Gust-Speed(m/s),Solar-Rad(W/m^2),Soil-M(%),Soil-Temp1(C),Soil-M2(%),Soil-T-2Sen(C),Soil-M3(%),Soil-T-3Sen(C)
01-01-2022,00:00,535.9,3.576,42,7.222,64,13.2,35,6.706,0,0.38,10.11,0.37,10.5,0.41,11.5
01-01-2022,01:00,535.9,3.576,42,7.778,56,13.2,39,6.259,0,0.38,10,0.37,10.39,0.41,11.33
01-01-2022,02:00,535.9,2.235,43,7.778,51,13.1,24,6.706,0,0.38,9.889,0.37,10.22,0.41,11.28
01-01-2022,03:00,535.9,0.447,77,6.111,64,13.2,237,3.576,0,0.38,9.778,0.37,10.11,0.4,11.22
01-01-2022,04:00,535.9,1.788,42,5.556,68,13.1,35,2.682,0,0.38,9.5,0.37,10,0.4,11.17
01-01-2022,05:00,535.9,1.788,36,4.444,69,13.1,37,2.682,0,0.38,9.389,0.37,9.889,0.4,11.06
01-01-2022,06:00,535.9,1.341,39,4.444,70,13.1,38,2.682,0,0.38,9.278,0.37,9.778,0.4,11
01-01-2022,07:00,535.9,0.8941,41,4.444,71,13.1,35,2.682,0,0.38,9.167,0.37,9.611,0.4,10.94
01-01-2022,08:00,535.9,1.341,45,5.556,72,13.5,39,2.682,33,0.38,9.056,0.37,9.444,0.4,10.83
01-01-2022,09:00,535.9,0,149,9.444,66,13.9,37,1.788,180,0.38,9.111,0.36,9.389,0.4,10.78
01-01-2022,10:00,535.9,1.341,231,10,64,13.8,169,2.682,357,0.38,9.444,0.36,9.389,0.4,10.72
01-01-2022,11:00,535.9,1.788,261,10,59,13.8,261,3.576,470,0.38,10.06,0.36,9.5,0.4,10.72
01-01-2022,12:00,535.9,2.235,267,10.56,58,13.7,247,4.023,226,0.37,10.78,0.36,9.833,0.4,10.72
01-01-2022,13:00,535.9,2.235,239,10,62,13.8,232,4.917,507,0.37,11.39,0.36,10.11,0.4,10.72
01-01-2022,14:00,535.9,1.788,249,11.11,56,13.8,241,4.023,442,0.37,11.72,0.36,10.5,0.4,10.83
01-01-2022,15:00,535.9,2.235,278,11.11,56,13.7,266,4.023,130,0.37,11.89,0.36,10.83,0.4,10.94
01-01-2022,16:00,535.9,1.788,244,10,64,13.7,287,4.023,36,0.37,11.83,0.36,11.06,0.4,11.06
01-01-2022,17:00,535.9,0.447,176,8.333,66,13.9,243,2.682,24,0.37,11.5,0.36,11.22,0.4,11.22
01-01-2022,18:00,535.9,0.447,26,5.556,85,13.7,33,1.788,0,0.37,11.11,0.36,11.11,0.4,11.28
01-01-2022,19:00,535.9,1.341,34,5.556,75,13.5,33,2.235,0,0.36,10.67,0.35,10.94,0.4,11.33
01-01-2022,20:00,535.9,1.341,43,5.556,72,13.4,23,2.235,0,0.36,10.28,0.35,10.72,0.4,11.33
01-01-2022,21:00,535.9,0.8941,45,5.556,71,13.4,41,2.235,0,0.36,9.944,0.35,10.5,0.4,11.22
01-01-2022,22:00,535.9,1.341,36,5,75,13.3,35,2.682,0,0.36,9.778,0.35,10.28,0.4,11.22
01-01-2022,23:00,535.9,0.8941,39,5.556,70,13.3,37,2.682,0,0.36,9.556,0.35,10.06,0.4,11.06
01-02-2022,00:00,535.9,1.341,40,5.556,61,13.3,31,2.682,0,0.36,9.389,0.35,9.889,0.4,11
01-02-2022,01:00,535.9,2.235,55,6.667,52,13.2,37,3.576,0,0.36,9.222,0.35,9.778,0.4,10.94
01-02-2022,02:00,535.9,2.682,61,7.778,49,13.2,76,6.706,0,0.36,9.111,0.35,9.611,0.4,10.83
01-02-2022,03:00,535.9,2.235,54,7.222,50,13.2,75,4.023,0,0.36,9.111,0.35,9.444,0.4,10.78
01-02-2022,04:00,535.9,2.235,53,6.667,54,13.2,72,4.47,0,0.36,9,0.35,9.389,0.4,10.72
01-02-2022,05:00,535.9,2.682,57,6.667,57,13.1,47,4.917,0,0.36,9,0.35,9.333,0.4,10.61
01-02-2022,06:00,535.9,3.129,69,7.222,57,13.1,72,4.917,0,0.36,8.889,0.35,9.278,0.4,10.56
01-02-2022,07:00,535.9,2.682,70,7.778,55,13.1,65,4.917,0,0.36,8.889,0.35,9.222,0.39,10.5
01-02-2022,08:00,535.9,2.235,71,8.333,53,13.7,70,4.917,38,0.36,8.889,0.35,9.222,0.39,10.44
01-02-2022,09:00,535.9,1.788,81,11.11,51,13.8,63,3.576,195,0.36,9,0.35,9.167,0.39,10.44
01-02-2022,10:00,535.9,1.341,104,13.89,51,13.7,106,3.129,348,0.36,9.389,0.35,9.222,0.39,10.44
01-02-2022,11:00,535.9,2.682,133,13.33,55,13.9,139,5.364,463,0.35,10.06,0.35,9.389,0.39,10.39
01-02-2022,12:00,535.9,3.129,151,13.33,56,13.7,153,6.259,228,0.35,10.72,0.34,9.722,0.39,10.44
01-02-2022,13:00,535.9,3.129,161,12.78,58,13.7,172,8.047,505,0.35,11.28,0.34,10.11,0.39,10.5
01-02-2022,14:00,535.9,2.682,206,12.78,65,13.6,181,5.812,440,0.35,11.56,0.34,10.5,0.39,10.67
01-02-2022,15:00,535.9,1.788,218,12.78,69,13.7,208,4.47,137,0.35,11.67,0.34,10.78,0.39,10.78
01-02-2022,16:00,535.9,0.447,180,11.11,77,13.8,197,4.47,82,0.35,11.67,0.34,11,0.39,10.94
01-02-2022,17:00,535.9,0,113,10,81,13.6,200,2.235,18,0.35,11.56,0.34,11.06,0.38,11
01-02-2022,18:00,535.9,0.447,65,8.889,87,13.5,137,2.235,0,0.35,11.39,0.34,11.06,0.38,11.11
01-02-2022,19:00,535.9,0.447,58,8.333,89,13.4,69,1.788,0,0.35,11.06,0.34,11.06,0.38,11.22
01-02-2022,20:00,535.9,0.8941,49,8.333,89,13.4,31,1.788,0,0.35,10.89,0.34,10.94,0.38,11.22
01-02-2022,21:00,535.9,0.8941,66,8.889,89,13.3,84,2.235,0,0.35,10.78,0.34,10.89,0.38,11.22
01-02-2022,22:00,535.9,0.447,62,8.889,89,13.3,70,1.788,0,0.35,10.72,0.34,10.83,0.38,11.22
01-02-2022,23:00,535.9,0,54,8.889,90,13.3,98,1.341,0,0.35,10.72,0.34,10.72,0.38,11.22
01-03-2022,00:00,535.9,1.788,257,8.889,92,13.2,257,2.235,0,0.35,10.72,0.34,10.72,0.38,11.22
01-03-2022,01:00,535.9,1.788,280,8.889,90,13.2,276,2.682,0,0.35,10.72,0.34,10.72,0.38,11.22
01-03-2022,02:00,535.9,0,294,8.333,86,13.2,303,2.235,0,0.34,10.72,0.34,10.72,0.38,11.22
01-03-2022,03:00,535.9,0,59,8.333,90,13.2,33,1.341,0,0.34,10.72,0.34,10.72,0.38,11.22
01-03-2022,04:00,535.9,0,104,8.333,88,13.2,34,0.8941,0,0.34,10.72,0.34,10.72,0.38,11.22
01-03-2022,05:00,535.9,0,90,8.333,88,13.1,184,1.341,0,0.34,10.72,0.34,10.72,0.38,11.22
01-03-2022,06:00,535.9,0.447,62,7.778,91,13.2,69,1.341,0,0.34,10.61,0.34,10.72,0.38,11.22
01-03-2022,07:00,535.9,1.341,74,7.778,91,13.1,65,2.235,0,0.35,10.56,0.33,10.72,0.38,11.22
01-03-2022,08:00,535.9,1.341,75,8.333,91,13.2,90,2.235,23,0.34,10.56,0.33,10.61,0.38,11.22
01-03-2022,09:00,535.9,1.341,98,9.444,85,13.5,110,3.129,82,0.34,10.67,0.33,10.61,0.38,11.22
01-03-2022,10:00,535.9,1.341,116,10,86,13.9,156,3.576,107,0.34,10.83,0.33,10.72,0.38,11.22
01-03-2022,11:00,535.9,3.129,152,10,84,14.3,173,5.364,150,0.34,10.89,0.33,10.78,0.38,11.22
01-03-2022,12:00,535.9,2.682,132,9.444,87,13.9,151,5.812,129,0.34,11,0.33,10.83,0.38,11.22
01-03-2022,13:00,535.9,1.788,116,8.889,96,13.9,112,4.917,115,0.34,11.06,0.33,10.89,0.38,11.22
01-03-2022,14:00,537,1.788,132,8.889,100,14,139,4.917,85,0.34,11.17,0.33,10.94,0.38,11.33
01-03-2022,15:00,538,2.682,148,9.444,100,14,153,5.364,62,0.35,11.22,0.34,11.06,0.38,11.33
01-03-2022,16:00,538.2,3.576,168,9.444,100,13.8,172,7.6,22,0.36,11.06,0.34,11.06,0.39,11.33
01-03-2022,17:00,538.2,3.576,166,9.444,100,13.6,163,7.6,5,0.36,11.06,0.35,11.06,0.39,11.33
01-03-2022,18:00,538.2,4.023,160,9.444,100,13.5,172,8.047,0,0.36,11.06,0.35,11.06,0.4,11.39
01-03-2022,19:00,539.5,3.576,168,9.444,100,13.5,167,8.941,0,0.37,11,0.35,11.06,0.4,11.5
01-03-2022,20:00,540.8,4.917,167,10,100,13.4,146,8.941,0,0.39,10.94,0.37,11.06,0.42,11.5
01-03-2022,21:00,541.5,3.576,177,10,100,13.4,144,8.494,0,0.4,10.94,0.38,11,0.45,11.5
01-03-2022,22:00,541.8,3.129,175,10,100,13.4,181,8.047,0,0.4,11,0.39,11.06,0.45,11.5
01-03-2022,23:00,543.3,2.235,169,10.56,100,13.3,170,5.812,0,0.4,11.06,0.4,11.06,0.45,11.5
01-04-2022,00:00,543.3,2.235,163,10.56,100,13.3,137,5.812,0,0.41,11.06,0.42,11.06,0.45,11.5
01-04-2022,01:00,543.8,1.788,149,10.56,100,13.3,179,4.917,0,0.41,11.17,0.42,11.06,0.45,11.5
01-04-2022,02:00,546.6,0.8941,94,10.56,100,13.3,155,4.917,0,0.43,11.22,0.44,11.06,0.45,11.5
01-04-2022,03:00,548.1,1.341,125,10.56,100,13.2,152,3.576,0,0.47,11.22,0.45,11.22,0.46,11.5
01-04-2022,04:00,550.2,0.447,149,10.56,100,13.2,108,1.788,0,0.47,11.22,0.46,11.22,0.46,11.5
01-04-2022,05:00,550.7,0.447,95,10.56,100,13.2,144,1.788,0,0.47,11.28,0.46,11.22,0.45,11.5
01-04-2022,06:00,551.2,0,121,10.56,100,13.2,134,1.341,0,0.47,11.33,0.46,11.22,0.45,11.5
01-04-2022,07:00,551.2,0,59,10.56,100,13.2,217,0.8941,0,0.47,11.33,0.46,11.22,0.45,11.56
01-04-2022,08:00,551.9,0,170,10.56,100,13.2,92,0.8941,7,0.48,11.33,0.46,11.33,0.45,11.61
01-04-2022,09:00,551.9,0.8941,177,11.11,100,13.4,173,1.341,56,0.48,11.44,0.46,11.33,0.45,11.61
01-04-2022,10:00,551.9,0.447,191,12.22,100,13.8,141,1.341,128,0.48,11.61,0.46,11.33,0.45,11.61
01-04-2022,11:00,552.7,1.788,202,11.67,100,14.2,216,3.129,115,0.48,11.78,0.46,11.5,0.45,11.61
01-04-2022,12:00,553,1.788,234,12.22,100,13.8,197,3.129,211,0.48,11.94,0.46,11.61,0.45,11.67
01-04-2022,13:00,553,1.341,204,13.89,96,13.7,217,2.682,425,0.48,12.33,0.46,11.78,0.45,11.72
01-04-2022,14:00,553,2.235,242,15,87,13.6,189,4.023,513,0.48,12.89,0.46,12,0.45,11.83
01-04-2022,15:00,553,2.682,277,11.67,100,13.8,256,4.917,198,0.47,13.22,0.46,12.33,0.45,11.89
01-04-2022,16:00,553,1.341,295,11.67,99,14,278,3.576,86,0.46,13.22,0.46,12.56,0.45,12.06
01-04-2022,17:00,553,1.341,304,10.56,100,13.7,289,2.682,29,0.45,13.11,0.46,12.67,0.45,12.17
01-04-2022,18:00,553,1.788,312,10.56,100,13.6,339,4.023,0,0.45,12.94,0.46,12.67,0.45,12.28
01-04-2022,19:00,553,0.8941,347,10,100,13.5,331,3.129,0,0.44,12.72,0.44,12.61,0.45,12.28
01-04-2022,20:00,553,0.447,56,9.444,98,13.4,346,2.682,0,0.44,12.5,0.44,12.56,0.45,12.39
01-04-2022,21:00,553,2.682,326,10.56,85,13.4,329,4.023,0,0.44,12.33,0.43,12.39,0.45,12.39
01-04-2022,22:00,553,0.8941,9,10.56,86,13.4,327,4.023,0,0.43,12.17,0.43,12.28,0.45,12.39
01-04-2022,23:00,553,0.447,137,9.444,90,13.3,347,1.788,0,0.43,12.06,0.43,12.17,0.45,12.33
01-05-2022,00:00,553,0.8941,48,8.333,97,13.3,72,1.341,0,0.43,11.83,0.42,12,0.45,12.28
01-05-2022,01:00,553,0.8941,36,7.778,97,13.3,36,2.235,0,0.43,11.61,0.42,11.89,0.45,12.28
01-05-2022,02:00,553,0.8941,45,7.778,94,13.2,62,2.235,0,0.43,11.5,0.42,11.72,0.45,12.22
01-05-2022,03:00,553,0.8941,50,8.333,96,13.2,44,1.788,0,0.42,11.33,0.42,11.61,0.45,12.17
01-05-2022,04:00,553,1.341,49,7.778,95,13.2,39,1.788,0,0.42,11.28,0.41,11.5,0.45,12.11
01-05-2022,05:00,553,1.341,41,7.778,92,13.2,36,2.235,0,0.42,11.22,0.4,11.39,0.45,12
01-05-2022,06:00,553,0.8941,20,7.778,93,13.2,33,1.788,0,0.42,11.06,0.4,11.28,0.45,12
01-05-2022,07:00,553,0.8941,48,7.778,96,13.1,28,1.788,0,0.42,10.94,0.4,11.22,0.45,11.89
01-05-2022,08:00,553,0.447,59,8.889,93,13.8,44,1.341,58,0.42,10.89,0.4,11.06,0.45,11.89
01-05-2022,09:00,553,0,98,13.33,82,13.7,78,0.8941,224,0.42,10.94,0.4,11.06,0.45,11.83
01-05-2022,10:00,553,0.8941,193,13.33,84,13.7,208,1.788,341,0.42,11.28,0.4,11.06,0.45,11.72
01-05-2022,11:00,553,1.788,209,12.78,85,13.7,211,2.682,442,0.42,11.83,0.4,11.22,0.45,11.72
01-05-2022,12:00,553,3.129,277,12.22,87,13.7,287,4.47,247,0.42,12.39,0.4,11.5,0.45,11.72
01-05-2022,13:00,553,2.235,288,12.78,92,13.6,292,4.47,361,0.41,12.89,0.4,11.78,0.45,11.89
01-05-2022,14:00,553,2.235,293,13.33,93,13.8,296,4.023,390,0.41,13.17,0.39,12.11,0.45,11.94
01-05-2022,15:00,553,4.023,302,12.78,96,13.7,281,7.153,193,0.41,13.28,0.39,12.33,0.45,12.06
01-05-2022,16:00,553,2.235,321,15.56,85,13.6,315,4.47,55,0.41,13.39,0.39,12.5,0.45,12.22
01-05-2022,17:00,553,0.8941,85,13.89,91,13.6,309,3.576,28,0.41,13.28,0.39,12.67,0.45,12.28
01-05-2022,18:00,553,0.8941,47,12.78,100,13.5,183,1.788,1,0.41,13.06,0.39,12.67,0.45,12.39
01-05-2022,19:00,553,0.8941,47,12.22,100,13.4,26,1.788,0,0.4,12.78,0.39,12.61,0.45,12.39
01-05-2022,20:00,553,0.447,16,11.67,97,13.4,306,1.341,0,0.4,12.56,0.39,12.56,0.45,12.44
01-05-2022,21:00,553,0.8941,50,11.11,96,13.3,37,1.788,0,0.4,12.33,0.38,12.39,0.45,12.5
01-05-2022,22:00,553,1.788,272,9.444,98,13.3,267,2.682,0,0.4,12.22,0.38,12.28,0.44,12.39
01-05-2022,23:00,553,1.788,62,9.444,100,13.2,256,2.682,0,0.4,12.17,0.38,12.22,0.42,12.39
01-06-2022,00:00,553,0.8941,319,10,100,13.2,84,2.682,0,0.4,12,0.38,12.11,0.42,12.39
01-06-2022,01:00,553,0.447,49,10,100,13.2,306,2.682,0,0.4,11.94,0.38,12,0.41,12.39
01-06-2022,02:00,553,0.447,16,10.56,100,13.2,30,1.788,0,0.39,11.78,0.38,11.94,0.41,12.33
01-06-2022,03:00,553,0.447,48,10,100,13.2,36,1.788,0,0.39,11.67,0.38,11.83,0.41,12.28
01-06-2022,04:00,553,0,9,9.444,100,13.2,42,1.341,0,0.39,11.61,0.38,11.72,0.41,12.28
01-06-2022,05:00,553,0.8941,50,10,100,13.1,34,1.788,0,0.39,11.5,0.38,11.67,0.41,12.28
01-06-2022,06:00,553,0.8941,52,10,100,13.1,45,1.788,0,0.39,11.44,0.38,11.61,0.41,12.17
01-06-2022,07:00,553.2,0.447,49,9.444,100,13.2,60,1.341,0,0.39,11.33,0.38,11.5,0.41,12.17
01-06-2022,08:00,553.2,0.447,63,10.56,100,13.2,71,1.341,12,0.39,11.33,0.38,11.5,0.41,12.11
01-06-2022,09:00,553.2,0.447,67,11.67,99,13.6,70,1.341,75,0.39,11.44,0.38,11.5,0.41,12
01-06-2022,10:00,553.2,0.8941,152,15,84,13.6,73,2.235,323,0.39,11.72,0.38,11.5,0.41,12
01-06-2022,11:00,553.2,1.788,282,12.78,93,13.6,254,2.682,334,0.39,12.22,0.38,11.61,0.41,12
01-06-2022,12:00,553.2,2.235,273,12.22,94,13.9,282,4.023,319,0.39,12.72,0.38,11.83,0.41,12
01-06-2022,13:00,553.2,2.682,286,12.22,96,13.7,306,4.917,359,0.39,13.11,0.38,12.17,0.41,12.17
01-06-2022,14:00,553.2,0.8941,259,13.89,93,13.7,289,3.576,321,0.39,13.44,0.37,12.39,0.41,12.22
01-06-2022,15:00,553.2,0.447,71,13.33,97,13.8,265,3.129,213,0.39,13.61,0.37,12.67,0.41,12.33
01-06-2022,16:00,553.2,2.682,302,11.11,100,13.7,287,4.023,93,0.38,13.67,0.37,12.94,0.41,12.44
01-06-2022,17:00,553.2,1.341,319,10.56,100,13.6,320,2.682,29,0.38,13.56,0.37,13,0.41,12.56
01-06-2022,18:00,553.2,1.341,43,11.11,100,13.5,36,2.235,1,0.38,13.33,0.37,13.06,0.41,12.67
01-06-2022,19:00,553.2,2.682,294,9.444,100,13.4,310,4.023,0,0.38,13.06,0.37,13,0.41,12.67
01-06-2022,20:00,553.2,2.235,308,9.444,100,13.4,296,4.023,0,0.38,12.83,0.37,12.83,0.41,12.83
01-06-2022,21:00,553.2,3.576,311,9.444,100,13.4,302,5.812,0,0.38,12.67,0.37,12.67,0.41,12.83
01-06-2022,22:00,553.2,1.341,318,10,100,13.3,338,5.364,0,0.38,12.56,0.37,12.56,0.41,12.67
01-06-2022,23:00,553.2,1.341,333,10,99,13.3,337,3.129,0,0.38,12.39,0.37,12.5,0.41,12.67
01-07-2022,00:00,553.2,0.447,227,9.444,99,13.2,253,2.235,0,0.38,12.22,0.37,12.33,0.41,12.67
01-07-2022,01:00,553.2,0.8941,351,9.444,93,13.2,341,2.682,0,0.38,12.11,0.37,12.28,0.41,12.67
01-07-2022,02:00,553.2,0.8941,28,8.333,100,13.2,262,2.682,0,0.38,12,0.37,12.17,0.41,12.56
01-07-2022,03:00,553.2,1.341,342,9.444,98,13.2,309,3.576,0,0.38,11.89,0.37,12,0.41,12.56
01-07-2022,04:00,553.2,1.788,314,9.444,98,13.1,294,3.129,0,0.38,11.89,0.36,12,0.41,12.56
01-07-2022,05:00,553.5,0.8941,18,9.444,99,13.1,299,4.917,0,0.38,11.89,0.36,11.89,0.41,12.39
01-07-2022,06:00,553.5,0.447,26,8.889,92,13.1,332,2.235,0,0.38,11.83,0.36,11.89,0.41,12.39
01-07-2022,07:00,553.5,0.447,29,8.333,94,13.1,38,1.788,0,0.38,11.72,0.36,11.89,0.41,12.39
01-07-2022,08:00,553.5,0.447,53,8.889,89,13.2,36,1.788,22,0.38,11.61,0.36,11.72,0.41,12.33
01-07-2022,09:00,553.5,0.8941,78,10,84,13.4,89,1.788,60,0.38,11.72,0.36,11.72,0.41,12.28
01-07-2022,11:00,553.5,0.8941,108,10.56,94,14.2,76,3.576,156,0.38,12.06,0.36,11.83,0.41,12.28
01-07-2022,12:00,553.5,1.788,81,10,97,14.2,77,2.682,123,0.38,12.22,0.36,11.94,0.41,12.28
01-07-2022,13:00,553.7,0.8941,111,10.56,100,13.9,146,3.576,121,0.38,12.33,0.36,12.06,0.41,12.28
01-07-2022,15:00,554,0,145,11.67,98,13.7,153,1.341,134,0.38,12.67,0.37,12.28,0.41,12.39
01-07-2022,16:00,554.2,1.341,277,10.56,100,13.9,245,2.682,67,0.38,12.67,0.37,12.39,0.41,12.39
01-07-2022,17:00,554.2,2.235,302,10,100,13.8,305,4.47,28,0.38,12.72,0.37,12.5,0.41,12.56
01-07-2022,18:00,554.2,0.8941,359,9.444,100,13.6,313,3.576,0,0.38,12.67,0.37,12.56,0.41,12.56
01-07-2022,19:00,554.2,2.235,327,8.889,96,13.5,302,4.023,0,0.38,12.56,0.37,12.56,0.41,12.56
01-07-2022,20:00,554.2,0.447,33,7.778,99,13.4,326,4.023,0,0.38,12.33,0.37,12.44,0.41,12.56
01-07-2022,21:00,554.2,0.8941,356,7.778,100,13.4,314,2.682,0,0.38,12.11,0.37,12.33,0.41,12.56
01-07-2022,22:00,554.2,3.129,329,8.889,90,13.4,341,4.917,0,0.38,11.83,0.37,12.22,0.41,12.56
01-07-2022,23:00,554.2,0.8941,19,8.333,92,13.3,336,5.812,0,0.38,11.72,0.36,12.06,0.41,12.56
01-08-2022,00:00,554.2,0.8941,48,6.667,99,13.3,341,2.235,0,0.38,11.61,0.36,11.89,0.41,12.5
01-08-2022,01:00,554.5,0.8941,37,6.111,99,13.3,39,2.235,0,0.38,11.44,0.36,11.78,0.41,12.39
01-08-2022,02:00,554.5,0.8941,41,6.111,100,13.3,32,2.235,0,0.38,11.22,0.36,11.61,0.41,12.39
01-08-2022,03:00,554.5,0.447,39,5.556,99,13.2,24,2.235,0,0.38,11,0.36,11.44,0.41,12.28
01-08-2022,04:00,554.5,1.341,356,6.667,100,13.2,345,2.235,0,0.38,10.89,0.36,11.28,0.41,12.22
01-08-2022,05:00,554.5,2.682,344,6.667,96,13.2,342,4.917,0,0.38,10.72,0.36,11.17,0.41,12.17
01-08-2022,06:00,554.5,0.8941,53,5.556,99,13.2,334,3.129,0,0.37,10.61,0.36,11,0.41,12
01-08-2022,07:00,554.5,0.8941,31,5.556,99,13.1,41,2.235,0,0.37,10.5,0.36,10.89,0.41,12
01-08-2022,08:00,554.5,0.447,327,7.778,91,13.9,32,2.235,60,0.37,10.39,0.36,10.83,0.41,11.89
01-08-2022,09:00,554.5,0.8941,325,9.444,88,13.8,273,3.129,258,0.37,10.44,0.36,10.72,0.41,11.83
01-08-2022,11:00,554.5,2.682,171,11.67,82,13.8,181,4.023,491,0.37,11.33,0.36,10.83,0.41,11.72
01-08-2022,12:00,554.5,0.8941,181,13.33,80,13.7,176,4.47,313,0.37,11.89,0.36,11.11,0.41,11.72
01-08-2022,13:00,554.5,0.8941,148,12.78,79,13.7,199,4.023,487,0.37,12.5,0.36,11.44,0.41,11.72
01-08-2022,14:00,554.5,1.341,247,12.78,75,13.6,207,3.576,429,0.37,12.89,0.36,11.78,0.41,11.89
01-08-2022,15:00,554.5,3.576,288,12.22,79,13.7,290,4.47,153,0.37,13.11,0.36,12.11,0.41,12
01-08-2022,16:00,554.5,2.682,291,11.67,84,13.7,287,5.364,39,0.37,13.11,0.35,12.33,0.41,12.17
01-08-2022,17:00,554.5,1.341,3,11.11,88,13.9,289,3.129,41,0.37,13,0.35,12.5,0.41,12.28
01-08-2022,18:00,554.5,1.341,31,10,90,13.6,32,2.682,1,0.37,12.67,0.35,12.5,0.41,12.33
01-08-2022,19:00,554.5,0.8941,32,9.444,91,13.5,37,2.235,0,0.37,12.33,0.35,12.33,0.41,12.39
01-08-2022,20:00,554.5,0.8941,40,8.889,92,13.4,37,2.235,0,0.37,12.11,0.35,12.22,0.41,12.39
01-08-2022,21:00,554.5,1.341,47,9.444,88,13.4,39,2.682,0,0.36,11.83,0.35,12.06,0.41,12.39
01-08-2022,22:00,554.5,0.8941,47,9.444,86,13.3,32,2.682,0,0.36,11.67,0.35,11.89,0.41,12.39
01-08-2022,23:00,554.5,1.341,48,8.333,91,13.3,35,2.235,0,0.36,11.5,0.35,11.72,0.41,12.28
01-09-2022,00:00,554.5,0.8941,71,7.778,90,13.3,31,2.682,0,0.36,11.33,0.35,11.61,0.41,12.28
01-09-2022,01:00,554.5,4.47,67,10,64,13.2,70,9.388,0,0.36,11.22,0.35,11.5,0.41,12.22
01-09-2022,02:00,554.5,4.47,56,11.11,52,13.2,61,11.18,0,0.36,11.17,0.35,11.33,0.41,12.17
01-09-2022,03:00,554.5,0.8941,85,10,48,13.2,79,6.259,0,0.36,11,0.35,11.28,0.41,12.11
01-09-2022,04:00,554.5,1.788,50,7.778,64,13.2,64,2.682,0,0.36,10.89,0.35,11.17,0.41,12
01-09-2022,05:00,554.5,4.023,80,10,59,13.2,66,8.047,0,0.36,10.78,0.35,11.06,0.41,12
01-09-2022,06:00,554.5,4.023,65,11.11,54,13.1,72,8.047,0,0.36,10.72,0.35,10.94,0.41,11.89
01-09-2022,07:00,554.5,4.023,74,11.67,52,13.1,82,8.494,0,0.36,10.72,0.35,10.89,0.4,11.89
01-09-2022,08:00,554.5,4.023,70,13.89,43,13.7,67,8.941,39,0.36,10.72,0.35,10.83,0.4,11.78
01-09-2022,09:00,554.5,3.576,77,15.56,40,13.7,69,10.28,199,0.36,10.78,0.35,10.83,0.4,11.72
01-09-2022,10:00,554.5,3.129,83,17.78,36,13.6,70,7.153,356,0.35,11.11,0.34,10.89,0.4,11.72
01-09-2022,11:00,554.5,3.576,79,17.78,35,13.6,77,7.153,476,0.35,11.67,0.34,11,0.4,11.72
01-09-2022,12:00,554.5,2.682,92,18.89,36,13.6,62,5.812,247,0.35,12.28,0.34,11.28,0.4,11.72
01-09-2022,13:00,554.5,3.129,96,18.33,35,13.5,104,5.812,535,0.35,12.89,0.34,11.67,0.39,11.83
01-09-2022,14:00,554.5,2.682,98,18.89,33,13.6,130,6.259,466,0.35,13.22,0.34,12.06,0.39,11.94
01-09-2022,15:00,554.5,2.682,141,18.33,36,13.5,96,7.153,169,0.35,13.28,0.34,12.33,0.39,12.11
01-09-2022,16:00,554.5,1.341,191,15,52,13.8,216,5.364,47,0.34,13.17,0.34,12.56,0.39,12.22
01-09-2022,17:00,554.5,1.341,41,12.78,60,13.6,30,2.682,30,0.34,12.94,0.34,12.56,0.39,12.33
01-09-2022,18:00,554.5,0.447,307,12.22,58,13.5,213,3.576,0,0.34,12.61,0.34,12.56,0.39,12.39
01-09-2022,19:00,554.5,0.447,9,11.11,64,13.4,219,3.576,0,0.34,12.33,0.34,12.39,0.38,12.39
01-09-2022,20:00,554.5,0.8941,46,10.56,64,13.4,24,2.235,0,0.34,12.17,0.34,12.28,0.38,12.44
01-09-2022,21:00,554.5,1.341,41,10.56,62,13.3,355,2.235,0,0.34,11.94,0.34,12.17,0.38,12.39
01-09-2022,22:00,554.5,0,259,11.11,61,13.3,36,1.788,0,0.34,11.72,0.34,12,0.38,12.39
01-09-2022,23:00,554.5,1.341,39,10,68,13.2,33,2.235,0,0.34,11.61,0.33,11.83,0.38,12.39
01-10-2022,00:00,554.5,1.341,38,10.56,63,13.2,38,2.682,0,0.34,11.5,0.33,11.67,0.38,12.28
01-10-2022,01:00,554.5,0.8941,34,11.11,63,13.2,33,2.235,0,0.34,11.33,0.33,11.61,0.38,12.28
01-10-2022,02:00,554.5,1.341,57,11.67,61,13.2,24,2.682,0,0.34,11.33,0.33,11.5,0.38,12.28
01-10-2022,03:00,554.5,3.129,65,15,45,13.2,75,6.259,0,0.34,11.33,0.33,11.44,0.38,12.17
01-10-2022,04:00,554.5,2.682,66,15,38,13.2,68,4.47,0,0.34,11.33,0.33,11.33,0.38,12.17
01-10-2022,05:00,554.5,2.682,276,15,35,13.1,76,6.706,0,0.34,11.33,0.33,11.33,0.38,12.11
01-10-2022,06:00,554.5,0.447,37,12.78,48,13.2,282,4.023,0,0.34,11.33,0.33,11.33,0.38,12
01-10-2022,07:00,554.5,0.447,246,12.22,47,13.1,69,2.235,0,0.34,11.33,0.33,11.33,0.38,12
01-10-2022,08:00,554.5,1.788,50,11.67,46,13.2,24,2.682,12,0.33,11.17,0.33,11.33,0.38,12
01-10-2022,09:00,554.5,2.235,75,17.78,28,13.7,71,4.47,179,0.33,11.11,0.33,11.22,0.38,12
01-10-2022,10:00,554.5,1.788,201,16.11,51,13.6,81,3.129,355,0.33,11.5,0.33,11.28,0.38,12
01-10-2022,11:00,554.5,0.8941,239,18.33,49,13.5,198,2.235,472,0.33,12.11,0.33,11.39,0.38,12
01-10-2022,12:00,554.5,2.682,151,20,39,13.5,142,4.47,246,0.33,12.78,0.33,11.67,0.37,12
01-10-2022,13:00,554.5,2.235,162,20.56,25,13.5,150,4.47,540,0.33,13.44,0.33,12.06,0.37,12.06
01-10-2022,14:00,554.5,3.129,283,17.22,44,13.5,278,5.364,459,0.33,13.72,0.33,12.44,0.37,12.22
01-10-2022,15:00,554.5,0.8941,261,20,34,13.5,281,4.023,164,0.33,14,0.33,12.78,0.37,12.33
01-10-2022,16:00,554.5,2.682,292,17.78,38,13.5,283,3.129,35,0.33,13.94,0.33,13.06,0.37,12.5
01-10-2022,17:00,554.5,2.682,326,16.11,41,13.6,291,4.47,38,0.33,13.72,0.33,13.11,0.36,12.61
01-10-2022,18:00,554.5,0,63,14.44,39,13.4,344,4.023,1,0.32,13.44,0.33,13.11,0.36,12.72
01-10-2022,19:00,554.5,1.788,41,13.89,49,13.4,36,2.235,0,0.32,13.11,0.32,13.06,0.36,12.83
01-10-2022,20:00,554.5,0.8941,39,14.44,36,13.3,29,2.682,0,0.33,12.78,0.32,12.89,0.36,12.83
01-10-2022,21:00,554.5,1.341,50,13.89,38,13.3,40,2.682,0,0.32,12.5,0.32,12.61,0.36,12.83
01-10-2022,22:00,554.5,1.341,37,13.89,38,13.2,45,2.682,0,0.32,12.28,0.32,12.44,0.36,12.83
01-10-2022,23:00,554.5,1.341,37,12.78,41,13.2,37,2.235,0,0.32,12.11,0.32,12.28,0.36,12.67
01-11-2022,00:00,554.5,1.341,51,12.78,37,13.2,36,2.682,0,0.32,11.89,0.32,12.17,0.36,12.67
01-11-2022,01:00,554.5,1.341,18,12.78,39,13.2,23,2.682,0,0.32,11.72,0.32,11.94,0.36,12.61
01-11-2022,02:00,554.5,1.341,38,12.78,40,13.2,37,2.235,0,0.32,11.61,0.32,11.83,0.36,12.56
01-11-2022,03:00,554.5,1.341,45,12.78,37,13.1,35,2.682,0,0.32,11.5,0.32,11.67,0.36,12.44
01-11-2022,04:00,554.5,1.341,41,12.22,39,13.1,43,2.235,0,0.32,11.33,0.32,11.56,0.36,12.39
01-11-2022,05:00,554.5,0.8941,45,12.22,35,13.1,37,2.682,0,0.32,11.28,0.32,11.5,0.36,12.33
01-11-2022,06:00,554.5,1.341,45,11.67,40,13.1,36,2.682,0,0.32,11.17,0.32,11.33,0.36,12.28
01-11-2022,07:00,554.5,0.447,12,11.67,41,13.1,31,1.788,0,0.32,11.06,0.32,11.28,0.36,12.22
01-11-2022,08:00,554.5,0,357,13.33,40,13.7,34,2.682,37,0.32,10.94,0.32,11.22,0.36,12.17
01-11-2022,09:00,554.5,0.447,57,16.11,40,13.7,43,2.235,204,0.32,11.06,0.32,11.11,0.36,12.11
01-11-2022,10:00,554.5,1.788,214,16.11,45,13.6,249,2.682,353,0.32,11.44,0.32,11.17,0.36,12
01-11-2022,11:00,554.5,2.235,251,17.22,43,13.6,244,2.682,477,0.32,12.06,0.32,11.28,0.35,12
01-11-2022,12:00,554.5,1.341,206,17.78,46,13.5,263,3.576,254,0.32,12.78,0.32,11.61,0.35,12
01-11-2022,13:00,554.5,0.8941,184,17.22,46,13.6,268,4.47,512,0.32,13.44,0.32,12,0.35,12.17
01-11-2022,14:00,554.5,1.341,224,17.78,45,13.5,216,2.682,441,0.32,13.72,0.32,12.33,0.35,12.22
01-11-2022,15:00,554.5,1.341,263,17.22,43,13.6,245,2.682,216,0.32,13.89,0.32,12.67,0.35,12.33
01-11-2022,16:00,554.5,1.788,303,16.11,55,13.6,287,3.129,92,0.32,14,0.32,13,0.35,12.5
01-11-2022,17:00,554.5,1.341,69,14.44,61,13.7,73,1.788,53,0.32,13.78,0.32,13.11,0.35,12.67
01-11-2022,18:00,554.5,0.8941,33,13.89,66,13.5,37,1.788,2,0.32,13.44,0.32,13.11,0.35,12.78
01-11-2022,19:00,554.5,0.8941,31,13.89,48,13.5,26,2.235,0,0.32,13.11,0.32,13.06,0.35,12.83
01-11-2022,20:00,554.5,1.788,40,14.44,42,13.4,36,2.682,0,0.32,12.78,0.32,12.83,0.35,12.83
01-11-2022,21:00,554.5,1.341,33,13.89,42,13.3,36,2.682,0,0.32,12.56,0.32,12.61,0.35,12.83
01-11-2022,22:00,554.5,1.788,32,14.44,39,13.3,30,3.129,0,0.32,12.33,0.32,12.5,0.35,12.83
01-11-2022,23:00,554.5,0.8941,43,13.89,42,13.3,32,3.129,0,0.32,12.22,0.32,12.33,0.35,12.83
01-12-2022,00:00,554.5,0.8941,30,13.33,42,13.2,41,1.788,0,0.32,12.06,0.32,12.22,0.35,12.67
01-12-2022,01:00,554.5,1.788,41,12.22,48,13.2,37,3.576,0,0.32,11.83,0.32,12.06,0.35,12.67
01-12-2022,02:00,554.5,1.341,45,12.22,49,13.2,33,2.235,0,0.32,11.72,0.32,11.94,0.35,12.56
01-12-2022,03:00,554.5,1.341,61,12.22,47,13.2,70,2.682,0,0.32,11.61,0.32,11.78,0.35,12.56
01-12-2022,04:00,554.5,0.8941,51,12.22,44,13.2,40,2.682,0,0.31,11.5,0.31,11.67,0.35,12.44
01-12-2022,05:00,554.5,0.8941,53,12.78,39,13.2,36,2.682,0,0.31,11.44,0.31,11.61,0.35,12.39
01-12-2022,06:00,554.5,1.341,38,12.22,44,13.2,36,3.129,0,0.31,11.33,0.31,11.5,0.35,12.33
01-12-2022,07:00,554.5,0.8941,59,12.78,44,13.1,195,3.576,0,0.31,11.22,0.31,11.39,0.35,12.28
01-12-2022,08:00,554.5,1.341,59,14.44,39,13.7,38,2.682,40,0.31,11.22,0.31,11.33,0.34,12.28
01-12-2022,09:00,554.5,0.8941,90,16.67,42,13.7,167,2.235,202,0.31,11.28,0.31,11.33,0.34,12.22
01-12-2022,10:00,554.5,1.341,89,20,33,13.6,82,6.259,360,0.31,11.67,0.31,11.33,0.34,12.17
01-12-2022,11:00,554.5,1.788,97,21.67,28,13.5,82,4.917,482,0.31,12.28,0.31,11.5,0.34,12.17
01-12-2022,12:00,554.5,2.235,194,21.67,26,13.5,203,3.576,260,0.31,13.06,0.31,11.83,0.34,12.17
01-12-2022,13:00,554.5,1.341,236,20,41,13.5,232,4.023,550,0.31,13.72,0.31,12.22,0.34,12.28
01-12-2022,14:00,554.5,1.341,157,21.11,33,13.4,172,2.682,474,0.31,14.06,0.31,12.61,0.34,12.33
01-12-2022,15:00,554.5,0.8941,115,20.56,27,13.9,134,3.129,221,0.31,14.11,0.31,13,0.34,12.56
01-12-2022,16:00,554.5,1.341,67,19.44,33,13.8,71,1.788,121,0.31,14.06,0.31,13.22,0.34,12.67
01-12-2022,17:00,554.5,0.8941,53,17.22,34,13.6,107,2.235,36,0.31,13.89,0.31,13.28,0.34,12.83
01-12-2022,18:00,554.5,0.8941,31,15.56,34,13.5,49,1.788,1,0.31,13.61,0.31,13.28,0.34,13
01-12-2022,19:00,554.5,1.341,354,15,42,13.4,304,4.917,0,0.31,13.39,0.31,13.28,0.34,13
01-12-2022,20:00,554.5,1.341,47,14.44,35,13.4,22,2.682,0,0.31,13.17,0.31,13.11,0.34,13
01-12-2022,21:00,554.5,0.447,38,15,28,13.3,25,2.682,0,0.31,12.94,0.31,13,0.34,13.06
01-12-2022,22:00,554.5,0.8941,46,14.44,29,13.3,33,2.682,0,0.31,12.72,0.31,12.83,0.34,13
01-12-2022,23:00,554.5,1.341,48,15,24,13.3,37,3.129,0,0.31,12.56,0.31,12.67,0.34,13
01-13-2022,00:00,554.5,1.341,46,14.44,23,13.2,29,2.682,0,0.31,12.44,0.31,12.56,0.33,13
01-13-2022,01:00,554.5,3.576,296,15,21,13.2,305,5.364,0,0.31,12.22,0.31,12.39,0.33,12.94
01-13-2022,02:00,554.5,0.8941,330,14.44,28,13.2,315,6.259,0,0.31,12.17,0.31,12.28,0.33,12.83
01-13-2022,03:00,554.5,2.682,315,13.89,29,13.2,333,4.917,0,0.31,12,0.31,12.17,0.33,12.83
01-13-2022,04:00,554.5,0.8941,31,13.33,28,13.2,259,3.576,0,0.31,11.89,0.31,12.06,0.33,12.67
01-13-2022,05:00,554.5,1.341,33,13.33,26,13.2,35,2.235,0,0.31,11.72,0.31,11.94,0.33,12.67
01-13-2022,06:00,554.5,1.788,77,11.67,34,13.2,67,3.129,0,0.31,11.67,0.31,11.89,0.33,12.56
01-13-2022,07:00,554.5,1.788,248,11.67,39,13.2,242,2.682,0,0.31,11.56,0.31,11.78,0.33,12.56
01-13-2022,08:00,554.5,0.8941,41,10.56,39,13.2,272,2.235,17,0.31,11.39,0.31,11.67,0.33,12.5
01-13-2022,10:00,554.5,0.447,141,16.11,48,13.7,281,1.788,298,0.31,11.61,0.31,11.61,0.33,12.39
01-13-2022,11:00,554.5,0.8941,122,15,57,13.7,227,2.235,298,0.31,12.06,0.31,11.67,0.33,12.39
01-13-2022,12:00,554.5,0.447,90,15,61,13.6,204,2.682,306,0.3,12.44,0.31,11.83,0.33,12.39
01-13-2022,13:00,554.5,1.341,194,15,75,13.6,196,2.235,384,0.3,12.94,0.31,12.11,0.33,12.39
01-13-2022,14:00,554.5,0.8941,159,16.11,68,13.6,165,2.235,416,0.31,13.33,0.31,12.39,0.33,12.44
01-13-2022,15:00,554.5,1.788,255,14.44,74,13.6,250,2.235,171,0.31,13.56,0.31,12.61,0.33,12.56
01-13-2022,16:00,554.5,0.447,83,13.33,80,14,301,2.682,107,0.3,13.56,0.31,12.83,0.33,12.67
01-13-2022,17:00,554.5,1.788,309,12.22,83,13.7,284,3.129,35,0.3,13.44,0.3,13,0.33,12.78
01-13-2022,18:00,554.5,1.341,344,13.33,79,13.6,297,2.235,1,0.3,13.22,0.3,13,0.33,12.83
01-13-2022,19:00,554.5,0.8941,21,12.78,66,13.5,36,2.682,0,0.3,12.94,0.3,12.94,0.33,12.89
01-13-2022,20:00,554.5,0.447,67,12.22,63,13.4,61,2.682,0,0.3,12.72,0.3,12.83,0.33,13
01-13-2022,21:00,554.5,0.8941,55,11.67,70,13.4,69,3.129,0,0.3,12.5,0.3,12.67,0.33,12.94
01-13-2022,22:00,554.5,0.8941,49,11.11,58,13.3,28,2.682,0,0.3,12.33,0.3,12.5,0.33,12.83
01-13-2022,23:00,554.5,0.8941,9,11.11,59,13.3,51,2.235,0,0.3,12.17,0.3,12.33,0.33,12.83
01-14-2022,00:00,554.5,1.341,43,11.11,51,13.3,33,2.235,0,0.3,11.94,0.3,12.22,0.33,12.83
01-14-2022,01:00,554.5,1.341,42,10.56,48,13.3,70,2.682,0,0.3,11.78,0.3,12.06,0.33,12.72
01-14-2022,02:00,554.5,1.788,340,10.56,53,13.2,332,3.129,0,0.3,11.61,0.3,11.94,0.32,12.67
01-14-2022,03:00,554.5,0.8941,39,9.444,58,13.2,286,3.129,0,0.3,11.44,0.3,11.78,0.32,12.56
01-14-2022,04:00,554.5,0,18,11.67,40,13.2,30,2.682,0,0.3,11.28,0.3,11.67,0.32,12.56
01-14-2022,05:00,554.5,0.8941,340,11.11,51,13.1,284,2.682,0,0.3,11.06,0.3,11.5,0.32,12.44
01-14-2022,06:00,554.5,0.8941,35,10,52,13.1,317,2.682,0,0.3,10.89,0.3,11.33,0.32,12.39
01-14-2022,07:00,554.5,1.788,268,11.67,50,13.1,253,3.576,0,0.3,10.83,0.3,11.22,0.32,12.28
01-14-2022,08:00,554.5,1.341,276,12.78,53,13.4,277,2.682,24,0.3,10.72,0.3,11.06,0.32,12.22
01-14-2022,09:00,554.5,0.8941,297,13.89,64,13.7,271,2.682,183,0.3,10.83,0.3,11.06,0.32,12.17
01-14-2022,10:00,554.5,0,157,16.67,56,13.9,202,2.235,345,0.3,11.22,0.3,11.06,0.32,12.11
01-14-2022,11:00,554.5,1.341,177,15,62,13.6,194,3.129,441,0.3,11.89,0.3,11.22,0.32,12
01-14-2022,12:00,554.5,0.8941,150,14.44,63,13.6,199,2.682,313,0.3,12.44,0.3,11.56,0.32,12.06
01-14-2022,13:00,554.5,1.341,156,13.89,62,13.7,196,3.576,326,0.3,12.72,0.3,11.83,0.32,12.17
01-14-2022,14:00,554.5,0.8941,221,15.56,56,13.7,202,3.129,329,0.3,12.89,0.3,12.11,0.32,12.28
01-14-2022,15:00,554.5,0.447,115,15,56,14.2,201,3.129,173,0.3,13.11,0.3,12.28,0.32,12.33
01-14-2022,16:00,554.5,0,11,15.56,57,13.7,178,1.788,89,0.3,13.11,0.3,12.44,0.32,12.39
01-14-2022,17:00,554.5,0.447,295,13.89,58,13.7,325,2.682,41,0.3,13,0.3,12.56,0.32,12.56
01-14-2022,18:00,554.5,1.341,299,14.44,44,13.5,271,3.129,1,0.3,12.72,0.3,12.56,0.32,12.56
01-14-2022,19:00,554.5,1.788,300,15,40,13.5,288,3.576,0,0.3,12.44,0.3,12.5,0.32,12.67
01-14-2022,20:00,554.5,0.8941,114,13.89,43,13.4,315,2.235,0,0.3,12.22,0.3,12.33,0.32,12.67
01-14-2022,21:00,554.5,0.8941,56,12.78,46,13.4,64,2.682,0,0.3,12.06,0.3,12.28,0.32,12.67
01-14-2022,22:00,554.5,2.235,50,14.44,34,13.3,47,3.129,0,0.3,11.94,0.3,12.11,0.32,12.56
01-14-2022,23:00,554.5,0.8941,133,15.56,29,13.3,44,4.023,0,0.3,11.83,0.3,12,0.32,12.56
01-15-2022,00:00,554.5,0.8941,68,15,30,13.2,96,2.682,0,0.3,11.72,0.3,11.89,0.32,12.56
01-15-2022,01:00,554.5,0.447,21,14.44,32,13.2,77,2.235,0,0.3,11.61,0.3,11.83,0.32,12.5
01-15-2022,02:00,554.5,1.341,53,16.11,28,13.2,68,3.129,0,0.3,11.56,0.3,11.72,0.32,12.39
01-15-2022,03:00,554.5,2.682,55,17.78,22,13.2,77,5.364,0,0.3,11.5,0.3,11.61,0.32,12.39
01-15-2022,04:00,554.5,2.235,63,18.33,20,13.2,92,7.6,0,0.3,11.5,0.3,11.61,0.32,12.33
01-15-2022,05:00,554.5,4.47,72,17.78,22,13.2,67,9.835,0,0.3,11.5,0.3,11.5,0.32,12.28
01-15-2022,06:00,554.5,4.917,72,17.78,22,13.2,79,8.941,0,0.3,11.5,0.3,11.5,0.32,12.28
01-15-2022,07:00,554.5,4.47,76,18.33,20,13.2,67,9.388,0,0.3,11.5,0.3,11.5,0.32,12.28
01-15-2022,08:00,554.5,4.917,75,18.89,19,13.2,67,11.18,9,0.3,11.5,0.3,11.5,0.32,12.28
01-15-2022,10:00,554.5,5.364,84,20,21,13.8,81,10.28,241,0.3,11.72,0.3,11.56,0.31,12.17
01-15-2022,11:00,554.5,5.364,80,19.44,21,13.6,70,11.18,229,0.3,12.11,0.3,11.67,0.31,12.22
01-15-2022,12:00,554.5,4.917,83,21.11,20,13.6,74,10.73,335,0.3,12.39,0.29,11.83,0.31,12.28
01-15-2022,13:00,554.5,2.682,92,22.22,21,13.5,86,8.941,535,0.29,12.94,0.29,12.06,0.31,12.28
01-15-2022,14:00,554.5,2.682,126,20.56,23,13.5,142,7.153,281,0.29,13.33,0.29,12.39,0.31,12.33
01-15-2022,15:00,554.5,3.129,151,16.67,37,13.7,179,8.941,221,0.29,13.39,0.29,12.61,0.31,12.44
01-15-2022,16:00,554.5,0.8941,113,14.44,56,13.8,183,5.364,89,0.29,13.33,0.29,12.78,0.31,12.56
01-15-2022,17:00,554.5,0.8941,51,15,43,13.6,61,2.235,25,0.29,13.11,0.29,12.83,0.31,12.67
01-15-2022,19:00,554.5,0.8941,47,13.89,50,13.4,33,1.788,0,0.29,12.83,0.29,12.72,0.31,12.83
01-15-2022,20:00,554.5,1.341,35,14.44,46,13.4,29,2.235,0,0.29,12.78,0.29,12.67,0.31,12.83
01-15-2022,21:00,554.5,1.341,34,14.44,42,13.3,44,2.235,0,0.29,12.67,0.29,12.67,0.31,12.83