Day-of-Month,Day-of-Year,Total-Solar-Rad.,Wind-Avg,Wind-V.Dir,Wind-Max,Air-Temp-mean,Air-Temp-Max,Air-Temp-Min,Fuel-Temp-Mean,Fuel-Temp-Max,Fuel-Temp-Min,Hum-Mean,Hum-Max,Hum-Min,Dew-Point,Wet-Bulb,Tot-Precip,Bat-Volt-Mean,Bat-Volt-Max,Bat-Volt-Min
1,245,6.37,2.8,315,11.2,19.0,27.2,14.4,19.5,32.8,11.1,34,51,20,2.4,9.9,0.00,13.1,14.1,12.7
2,246,6.51,3.5,304,13.4,21.7,26.1,18.3,21.9,30.6,13.9,19,35,9,-3.2,9.3,0.00,13.1,13.8,12.7
3,247,3.45,3.2,66,13.4,21.4,25.6,18.3,20.7,28.9,13.3,32,39,24,4.1,11.5,0.00,13.1,13.8,12.8
4,248,4.94,2.6,118,6.3,23.4,28.9,20.0,23.4,34.4,16.1,29,39,21,4.0,12.2,0.00,13.1,13.9,12.8
5,249,4.60,1.9,120,7.6,20.9,26.1,16.7,20.1,30.6,12.2,24,45,9,-1.6,9.6,0.00,13.1,13.9,12.7
6,250,4.37,2.0,109,8.9,21.8,27.2,17.8,21.1,33.3,13.3,15,28,1,-6.7,8.6,0.00,13.1,13.8,12.8
7,251,3.93,6.6,16,16.5,19.6,25.6,14.4,20.0,26.1,15.0,35,47,21,3.2,10.5,0.00,13.1,13.9,12.8
8,252,5.80,5.4,71,13.9,7.1,13.9,2.2,8.3,17.8,0.6,40,51,20,-6.1,1.6,0.00,13.1,14.1,12.6
9,253,5.64,4.7,74,10.7,11.0,20.6,6.1,11.7,23.9,4.4,23,32,11,-9.6,2.7,0.00,13.2,14.1,12.7
10,254,3.03,2.8,103,7.6,16.2,22.2,12.8,15.4,23.9,8.3,17,25,12,-8.8,5.4,0.00,13.1,13.7,12.7
11,255,2.29,0.9,213,8.0,19.3,22.8,17.2,16.5,24.4,11.1,13,20,10,-9.5,6.7,0.00,13.0,13.3,12.7
12,256,2.79,2.0,260,11.2,19.8,23.3,16.7,17.9,26.1,11.1,14,23,10,-8.5,7.2,0.00,12.9,13.3,12.6
13,257,3.45,2.3,206,11.6,18.9,22.2,16.7,17.7,25.6,11.7,20,27,11,-4.8,7.6,0.00,12.9,13.4,12.6
14,258,3.20,2.9,237,12.1,17.3,21.1,15.0,16.9,23.3,12.2,27,34,16,-2.0,7.7,0.00,13.0,13.5,12.7
15,259,3.33,1.9,180,10.7,16.6,20.6,13.9,16.4,25.0,11.1,31,37,21,-0.6,7.9,0.00,13.0,13.5,12.7
16,260,3.31,1.5,187,5.8,17.1,22.2,13.9,16.1,26.7,10.0,32,45,24,0.2,8.4,0.00,13.0,13.8,12.7
17,261,3.54,1.9,124,5.4,15.4,20.6,10.6,15.0,25.0,7.8,42,62,25,2.3,8.4,0.00,13.1,13.9,12.8
18,262,1.97,2.1,274,17.4,11.8,17.2,7.8,11.0,20.6,6.7,69,95,41,6.1,8.6,1.52,13.0,13.8,12.7
19,263,4.85,5.3,312,19.7,8.2,14.4,5.6,9.1,21.1,3.9,77,95,48,4.1,6.0,0.25,13.0,14.2,12.6
20,264,4.85,2.3,329,12.5,9.7,17.2,6.1,10.7,21.7,1.7,66,87,42,3.4,6.4,0.00,13.1,14.1,12.8
21,265,4.08,1.9,143,7.6,12.3,17.2,8.3,12.4,23.9,4.4,49,72,24,1.5,6.8,0.00,13.1,14.1,12.8
22,266,4.53,1.9,263,9.4,10.9,17.2,6.7,12.2,23.9,4.4,69,89,34,4.9,7.6,0.00,13.1,14.0,12.7
23,267,3.20,5.3,226,29.1,12.0,16.7,8.9,12.6,20.6,7.2,51,73,17,1.7,6.8,0.00,13.1,14.1,12.7
24,268,2.15,14.7,345,39.8,7.0,15.0,3.9,7.2,15.0,3.3,84,100,53,4.3,5.6,9.65,13.0,14.4,12.7
25,269,2.21,10.0,329,33.5,6.3,8.3,4.4,5.6,8.9,2.8,81,99,41,3.2,4.8,0.76,12.9,13.7,12.6
26,270,3.28,12.0,351,28.6,5.6,7.2,4.4,6.0,10.6,3.9,91,100,70,4.2,4.9,2.79,12.9,14.2,12.5
27,271,5.05,4.7,348,15.6,7.6,14.4,4.4,8.9,19.4,1.7,69,98,24,1.6,4.6,0.00,13.1,14.0,12.7
28,272,5.14,3.2,203,8.0,12.3,19.4,7.2,12.5,22.8,4.4,30,56,7,-6.0,4.5,0.00,13.2,14.2,12.8
29,273,5.32,3.3,248,10.3,18.0,25.6,13.3,18.2,28.9,10.6,29,44,21,-0.7,8.4,0.00,13.1,14.0,12.8
30,274,4.89,2.1,220,4.9,20.4,24.4,17.2,19.5,28.9,12.8,27,38,21,0.7,9.9,0.00,13.1,14.0,12.8