Hour,Total-Solar,Wind-Avg,Wind-Dir,Wind-Max,Air-T,Fuel-T,Fuel-Moisture,rh,Dew-Point,Wet-Bulb,Batt-V,Tot-Prec
01:00,0.13,1.0,102,2.2,21.7,22.2,6.6,30,3.6,11.4,13.55,0.00
02:00,0.02,1.1,349,1.8,20.0,18.5,6.7,32,2.6,10.4,13.15,0.00
03:00,0.00,1.2,356,2.7,18.9,15.7,6.9,35,3.0,10.1,13.00,0.00
04:00,0.00,1.2,328,2.2,19.2,14.6,7.2,39,4.8,10.9,12.92,0.00
05:00,0.00,1.9,315,3.1,19.0,14.4,7.7,39,4.9,10.9,12.90,0.00
06:00,0.00,2.5,322,4.0,18.7,15.0,8.1,38,4.3,10.6,12.90,0.00
07:00,0.00,1.5,322,3.6,18.2,14.2,8.2,39,4.0,10.2,12.90,0.00
08:00,0.00,1.1,268,2.7,17.8,12.6,8.5,33,1.2,9.0,12.88,0.00
09:00,0.00,0.9,258,2.2,18.5,13.1,8.6,31,1.0,9.2,12.82,0.00
10:00,0.00,1.0,251,1.8,17.8,12.5,8.8,36,2.7,9.5,12.80,0.00
11:00,0.00,2.1,239,4.0,18.1,12.5,9.0,38,3.3,9.9,12.80,0.00
12:00,0.00,1.9,255,3.6,18.5,12.9,9.1,29,0.0,8.9,12.80,0.00
13:00,0.00,3.0,238,3.6,18.6,13.2,9.1,27,-0.8,8.6,12.80,0.00
14:00,0.00,2.7,235,3.6,18.9,13.3,8.9,23,-2.8,8.2,12.77,0.00
15:00,0.05,1.8,264,2.7,19.7,15.1,8.9,20,-4.0,8.1,12.80,0.00
16:00,0.23,1.0,275,2.2,21.2,21.9,8.4,18,-4.0,8.8,13.05,0.00
17:00,0.41,1.1,302,2.7,21.9,26.7,7.8,18,-3.5,9.2,13.38,0.00
18:00,0.55,0.7,358,2.2,22.6,28.6,7.2,20,-1.1,10.2,13.60,0.00
19:00,0.64,0.4,62,2.2,23.1,29.4,6.7,22,0.2,10.8,13.12,0.00
20:00,0.65,0.6,72,1.8,23.9,28.9,6.5,24,2.0,11.7,13.10,0.00
21:00,0.64,1.6,131,4.0,24.7,28.9,6.4,24,2.5,12.2,13.12,0.00
22:00,0.57,1.9,151,4.5,24.4,28.3,6.3,24,2.7,12.1,13.33,0.00
23:00,0.43,2.5,176,4.9,23.9,26.8,6.2,26,3.2,12.1,13.47,0.00
00:00,0.25,2.0,180,5.4,22.1,23.9,6.1,28,2.7,11.3,13.62,0.00